

!Header for pre-programming
!JTAG-IR: "1001"
SIR 4 TDI (9) TDO (0) MASK(0);

!JTAG-IR: "10111“
SIR 5 TDI (17) TDO (00) MASK(00);


!JTAG-DR: "0000 0010 0100 0110 1000 1010 1100 1110"
!             0    2   4   6     8    A    C    E
SDR 32 TDI (02468ACE) TDO (00000000) MASK (00000000);


!JTAG-IR: "10111”
SIR 5 TDI (17) TDO (00) MASK(00);


!JTAG-DR: "0001 0011 0101 0111 1001 1011 1101 1111"
!             1    3   5    7    9    B    D    F
SDR 32 TDI (13579BDF) TDO (00000000) MASK (00000000);


!JTAG-IR: "11000“
SIR 5 TDI (18) TDO (00) MASK(00);


!JTAG-DR: "10 0000 0000 0000 0000 0000 0000 0000 0000 0000 0000 0000 0000 0000 00000 0000 0000 0000 0000 0000 0000 0000 0000 0000 0000 0000 0000 0000 0000 0001 0000 0000 0000 0000 0000 0001 1100 0100 1000 0100 0000 0000 0000 0000 0000 0000 0000 0000 0000 0000 0000 0000 0000 0000 0000 0000 0000 0000 0000 0000 0000 0000 0000"
!           2    0   0    0    0    0    0    0    0    0    0    0    0    0     0    0    0    0    0    9    0    0    0    0    0    0    0    0    0    0    0    0    0     0   0    1    C    4    8    4    0    0    0    0    0    0    0    0    0    0    0    0    0    0     0   0    0    0    0    0    0    0    0

SDR  250  TDI  (20000000000000000009
                0000000000000001C484
                00000000000000000000
                000)
          TDO  (00000000000000000000
                00000000000000000000
                00000000000000000000
                000)                
          MASK  (00000000000000000000
                00000000000000000000
                00000000000000000000
                000);


!JTAG-IR: "10010"
SIR 5 TDI (12) TDO (00) MASK(00);

!JTAG-DR:"1 1000 0000 0000 0000 0000 0000 0000 0000 0000 0000 0000 0000 0000 0000 0000 0000 0000 0000 0000 0000 0000 0000 0000 0000 0000 0000 0000 0000 0001 1000 0000 0000 0000 0000 0000 0000 0001 0000 0000 0000 0000 0000 0000 0000 0000 0000 0000 0000 0000 0000 0000 0000 0000 0000 0000 0000 0000 0000 0000 0000 0000 0000 0000 0000 0000“
!         1   8    0    0    0    0    0    0    0    0    0    0    0    0    0    0    0    0    0    0    0    0    0    0    0    0    0    0    0    0    0    0    0    0    0    0    0    1    0    0    0    0    0    0    0    0    0    0    0    0    0    0    0    0    0    0    0    0    0    0    0    0    0    0    0    0
SDR   269   TDI (18000000000000000000
                 00000000000000000100
                 00000000000000000000
                 000000)

            TDO (18000000000000000000
                 00000000000000000100
                 00000000000000000000
                 000000)
               
            MASK (18000000000000000000
                  00000000000000000100
                  00000000000000000000
                  000000);              

ENDDR Pause-DR;
STATE IDLE;

!JTAG-IR: "11001“, traverse through “pause-dr” state for this step.
SIR 5 TDI (19) TDO (00) MASK(00);


!JTAG-DR: "1 0000 0000 0000 0000 0000 0000 0000 0000 0000 0000 0000 0000 0000 0000 0000 0000 0000 0000 0000 0000 0000 0000 0000 0000 0000 0000 0000 0000 0000 0000 0000 0000 0000 0000 0000
!          1   0    0    0    0    0    0    0    0    0   0     0    0    0    0    0    0    0    0    0    0    0    0    0
SDR   89     TDI  (1000000000
                 0000000000
                 0000)
           TDO  (1000000000
                 0000000000
                 0000)
           MASK (1000000000
                 0000000000
                 0000);             