VECTOR 4 
 246  260  1  4  9  12  29  32  33  36  37  40  13  16  17  20  21  24  25  28  5 
 8  99  101  104  105  107  110  112  113  116  117  120  121  124  125  128  130  131  133  136  137 
 140  141  144  145  147  150  151  153  156  157  160  161  164  166  168  169  171  173  176  177  179 
 182  183  186  187  190  41  44  46  48  49  52  53  56  57  60  61  64  66  67  223  225 
 227  230  232  233  235  238  239  70  249  251  264  261  72  73  75  78  79  82  84  86  87 
 89  308  91  94  96  97  265  268  270  271  274  276  278  279  281  284  285  288  289  292  293 
 296  297  300  301  303  306  191  193  196  198  199  202  204  206  207  210  212  214  215  218  219 
 222 
VECTOR 5 
 248  258  2  3  10  11  30  31  34  35  38  39  14  15  18  19  22  23  26  27  6 
 7  100  102  103  106  108  109  111  114  115  118  119  122  123  126  127  129  132  134  135  138 
 139  142  143  146  148  149  152  154  155  158  159  162  163  165  167  170  172  174  175  178  180 
 181  184  185  188  189  42  43  45  47  50  51  54  55  58  59  62  63  65  68  224  226 
 228  229  231  234  236  237  240  69  250  252  263  262  71  74  76  77  80  81  83  85  88 
 90  307  92  93  95  98  266  267  269  272  273  275  277  280  282  283  286  287  290  291  294 
 295  298  299  302  304  305  192  194  195  197  200  201  203  205  208  209  211  213  216  217  220 
 221 
VECTOR 6 
 245  259  1  4  9  12  29  32  33  36  37  40  13  16  17  20  21  24  25  28  5 
 8  99  101  104  105  107  110  112  113  116  117  120  121  124  125  128  130  131  133  136  137 
 140  141  144  145  147  150  151  153  156  157  160  161  164  166  168  169  171  173  176  177  179 
 182  183  186  187  190  41  44  46  48  49  52  53  56  57  60  61  64  66  67  223  225 
 227  230  232  233  235  238  239  70  249  251  264  261  72  73  75  78  79  82  84  86  87 
 89  308  91  94  96  97  265  268  270  271  274  276  278  279  281  284  285  288  289  292  293 
 296  297  300  301  303  306  191  193  196  198  199  202  204  206  207  210  212  214  215  218  219 
 222 
VECTOR 7 
 247  257  2  3  10  11  30  31  34  35  38  39  14  15  18  19  22  23  26  27  6 
 7  100  102  103  106  108  109  111  114  115  118  119  122  123  126  127  129  132  134  135  138 
 139  142  143  146  148  149  152  154  155  158  159  162  163  165  167  170  172  174  175  178  180 
 181  184  185  188  189  42  43  45  47  50  51  54  55  58  59  62  63  65  68  224  226 
 228  229  231  234  236  237  240  69  250  252  263  262  71  74  76  77  80  81  83  85  88 
 90  307  92  93  95  98  266  267  269  272  273  275  277  280  282  283  286  287  290  291  294 
 295  298  299  302  304  305  192  194  195  197  200  201  203  205  208  209  211  213  216  217  220 
 221 
VECTOR 8 
 242  256  1  4  9  12  29  32  33  36  37  40  13  16  17  20  21  24  25  28  5 
 8  99  101  104  105  107  110  112  113  116  117  120  121  124  125  128  130  131  133  136  137 
 140  141  144  145  147  150  151  153  156  157  160  161  164  166  168  169  171  173  176  177  179 
 182  183  186  187  190  41  44  46  48  49  52  53  56  57  60  61  64  66  67  223  225 
 227  230  232  233  235  238  239  70  249  251  264  261  72  73  75  78  79  82  84  86  87 
 89  308  91  94  96  97  265  268  270  271  274  276  278  279  281  284  285  288  289  292  293 
 296  297  300  301  303  306  191  193  196  198  199  202  204  206  207  210  212  214  215  218  219 
 222 
VECTOR 9 
 241  255  1  3  10  12  29  31  34  36  37  39  13  15  18  20  21  23  26  28  6 
 8  99  102  104  105  108  109  112  114  115  118  119  121  124  126  128  129  131  133  136  138 
 139  141  144  146  147  150  152  154  155  157  160  162  163  165  167  170  171  174  175  178  179 
 182  184  185  187  190  42  44  46  47  50  52  53  55  58  60  61  63  65  67  224  225 
 228  230  232  233  235  238  239  70  249  251  264  261  71  73  76  77  80  82  83  86  87 
 90  307  92  93  96  98  266  267  270  271  273  276  277  279  282  284  285  287  289  291  294 
 296  297  299  301  303  306  192  194  195  197  200  202  203  206  207  209  212  213  216  218  220 
 221 
VECTOR 10 
 241  254  1  3  9  11  30  32  34  36  37  39  14  16  18  20  21  23  25  27  6 
 8  99  101  103  105  108  110  111  113  115  118  120  122  123  125  128  130  132  133  136  138 
 140  142  143  145  147  150  152  154  156  158  159  161  163  165  167  169  172  173  175  178  180 
 181  183  185  187  190  42  44  45  48  49  51  54  56  58  60  61  63  65  68  223  226 
 227  230  232  233  235  238  239  70  250  251  263  261  71  73  75  77  80  82  84  85  88 
 89  308  92  93  96  98  266  268  269  272  273  276  278  279  282  283  286  288  289  291  293 
 295  298  300  302  303  306  192  193  196  197  200  201  203  205  208  209  212  214  215  218  220 
 221 
VECTOR 11 
 244  253  2  4  10  12  29  31  33  35  38  40  14  16  18  20  21  23  25  27  5 
 7  100  101  103  106  108  109  111  113  115  117  119  121  123  125  127  129  131  133  136  138 
 140  142  144  146  148  149  151  153  155  157  159  161  163  166  168  170  171  173  175  177  180 
 182  184  186  188  189  42  44  45  48  50  52  54  56  58  60  61  63  65  67  224  225 
 228  229  231  233  236  238  240  70  249  251  264  261  71  73  75  77  80  82  84  86  88 
 90  307  92  94  95  97  266  268  270  272  274  276  277  279  281  283  285  287  289  291  293 
 295  298  300  302  304  306  192  193  195  198  199  202  203  206  208  210  211  214  216  217  219 
 222 
VECTOR 12 
 241  255  1  3  9  11  30  32  34  36  38  40  13  15  17  19  22  24  26  28  5 
 7  100  101  103  106  107  109  112  114  116  117  119  121  123  125  127  130  132  133  136  138 
 140  142  144  145  147  150  152  153  155  157  159  161  163  165  168  170  171  174  176  177  180 
 182  184  186  188  190  41  43  46  47  50  52  54  56  58  60  61  63  66  68  223  225 
 227  229  232  234  235  237  239  69  250  252  263  262  71  74  76  78  79  81  83  85  87 
 89  308  92  94  96  98  266  268  270  272  273  276  278  279  282  284  286  288  289  291  293 
 295  297  299  301  304  306  191  194  195  197  199  201  204  205  207  209  211  213  216  217  220 
 222 
VECTOR 13 
 243  253  1  3  9  11  29  31  33  35  37  39  13  15  17  19  21  23  25  27  5 
 7  99  101  103  106  108  110  112  114  116  118  120  122  124  126  127  130  132  133  136  138 
 140  142  144  145  147  150  152  153  155  157  159  161  163  165  167  169  171  174  176  178  179 
 181  183  185  187  189  41  43  45  47  50  52  54  56  58  60  61  63  65  67  224  226 
 228  230  231  234  235  238  240  70  249  252  263  261  72  73  75  77  79  81  83  85  87 
 89  307  91  94  96  98  265  267  269  271  274  275  277  280  281  284  286  288  290  292  294 
 296  298  300  301  304  305  192  193  195  197  199  202  204  206  208  210  212  214  216  217  219 
 222 
VECTOR 14 
 243  255  1  3  9  11  29  31  33  35  37  39  13  15  17  19  21  23  25  27  5 
 7  99  102  104  106  108  109  111  113  115  118  120  122  124  126  127  129  131  133  136  138 
 140  142  144  145  147  149  151  153  155  157  159  161  163  165  167  169  172  174  176  177  180 
 182  184  186  188  190  41  43  45  47  49  51  53  55  57  59  62  64  65  67  224  225 
 227  229  231  234  236  238  239  69  250  251  263  261  72  74  76  78  80  82  84  86  88 
 90  307  92  94  96  98  265  267  269  271  273  276  278  280  282  284  286  288  289  291  293 
 295  297  299  301  303  305  191  193  196  198  200  201  203  206  208  210  212  214  216  218  219 
 221 
VECTOR 15 
 241  253  1  3  9  11  29  31  33  35  37  39  13  15  17  19  21  23  25  27  5 
 7  100  101  103  105  107  110  111  113  116  117  119  121  123  125  128  129  131  134  135  137 
 139  141  143  146  148  149  151  154  156  158  160  162  164  166  168  170  171  173  175  178  179 
 181  183  185  187  189  42  44  46  48  49  51  53  55  57  59  61  63  66  68  223  226 
 228  230  232  233  235  237  240  70  249  252  264  262  71  73  75  77  79  81  83  85  87 
 89  308  91  93  95  97  266  268  270  272  274  275  277  279  281  283  285  287  290  292  294 
 296  298  300  302  303  306  192  194  195  197  199  202  203  205  207  209  211  213  215  217  220 
 221 
VECTOR 16 
 241  253  1  3  9  11  29  31  33  35  37  39  13  15  17  19  21  23  25  27  5 
 7  99  101  103  105  107  109  111  113  115  117  119  121  123  125  127  129  131  133  135  137 
 139  141  143  145  147  149  151  153  155  157  159  161  163  165  167  169  171  173  175  177  179 
 181  183  185  187  189  41  43  45  47  49  51  53  55  57  59  61  63  65  67  223  225 
 227  229  231  233  235  237  239  69  249  251  263  261  71  73  75  77  79  81  83  85  87 
 89  307  91  93  95  97  265  267  269  271  273  275  277  279  281  283  285  287  289  291  293 
 295  297  299  301  303  305  191  193  195  197  199  201  203  205  207  209  211  213  215  217  219 
 221 
VECTOR 17 
 243  253  2  3  10  11  30  31  34  35  38  39  14  15  18  19  22  23  26  27  6 
 7  100  102  103  106  108  109  111  114  115  118  119  122  123  126  127  129  132  134  135  138 
 139  142  143  146  148  149  152  154  155  158  159  162  163  165  167  170  172  174  175  178  180 
 181  184  185  188  189  42  43  45  47  50  51  54  55  58  59  62  63  65  68  224  226 
 228  229  231  234  236  237  240  69  250  252  263  262  71  74  76  77  80  81  83  85  88 
 90  307  92  93  95  98  266  267  269  272  273  275  277  280  282  283  286  287  290  291  294 
 295  298  299  302  304  305  192  194  195  197  200  201  203  205  208  209  211  213  216  217  220 
 221 
VECTOR 18 
 243  253  2  4  9  11  30  32  33  35  38  40  14  16  17  19  22  24  25  27  5 
 7  100  101  103  106  107  110  111  113  116  117  120  122  123  125  127  130  132  134  135  137 
 140  142  143  145  148  149  151  153  156  158  159  161  164  166  168  169  172  173  176  177  180 
 181  183  186  188  189  41  43  45  48  49  51  54  56  57  59  62  64  66  68  223  226 
 227  229  231  234  236  237  240  69  250  252  263  262  72  74  75  78  79  81  84  85  88 
 89  308  91  94  95  97  265  268  269  272  274  275  278  280  281  283  286  288  290  292  293 
 295  298  300  302  304  305  191  193  196  198  199  201  204  205  208  210  211  214  215  217  219 
 222 
VECTOR 19 
 243  255  2  4  10  12  29  31  33  35  38  40  13  15  17  19  22  24  26  28  5 
 7  100  102  104  106  107  109  112  114  116  117  119  121  124  126  127  129  131  134  135  137 
 139  141  144  146  148  149  151  153  155  157  160  162  164  166  168  170  171  174  176  177  179 
 182  184  186  188  189  41  43  46  47  50  52  53  55  57  59  62  64  66  67  224  225 
 228  229  231  234  236  237  240  69  249  252  264  262  72  74  76  78  79  81  83  86  87 
 90  307  91  94  95  97  265  267  270  271  274  275  277  280  281  284  285  287  290  292  294 
 296  297  299  301  304  305  191  194  195  198  199  202  204  206  207  210  211  213  216  217  219 
 222 
VECTOR 20 
 241  255  1  3  9  11  30  32  34  36  37  39  13  15  17  19  22  24  26  28  6 
 8  99  102  104  105  107  110  112  114  116  118  120  122  124  126  128  130  132  134  135  137 
 139  141  143  145  147  150  152  154  156  158  160  162  164  165  167  169  172  174  176  178  179 
 181  183  185  187  190  41  43  46  47  49  51  53  55  57  59  62  64  66  68  223  226 
 227  230  232  234  235  237  239  69  250  252  263  262  72  74  76  78  79  81  83  85  87 
 89  308  91  93  96  98  265  267  269  271  273  275  278  280  282  284  286  288  290  292  294 
 296  297  299  301  303  305  191  194  196  197  200  201  204  205  207  209  212  213  215  218  220 
 221 
VECTOR 21 
 243  253  2  4  10  12  29  31  33  35  37  39  14  16  18  20  21  23  25  27  6 
 8  99  102  104  105  108  110  111  113  115  118  120  122  124  126  128  129  131  134  135  137 
 139  141  143  146  148  149  151  154  156  158  160  162  164  166  167  169  172  173  175  178  179 
 181  183  185  187  189  42  44  45  48  49  51  53  55  57  59  62  64  65  67  224  226 
 228  230  231  233  236  238  240  70  249  251  264  261  72  73  75  77  80  82  84  86  88 
 90  307  91  93  95  97  265  267  269  271  274  275  277  280  281  283  285  287  290  292  294 
 296  298  300  302  303  305  192  193  196  198  200  202  203  206  208  210  212  214  215  218  219 
 221 
VECTOR 22 
 241  255  2  4  10  12  30  32  34  36  38  40  14  16  18  20  22  24  26  28  6 
 8  100  102  104  105  107  109  111  113  115  117  119  121  123  125  128  129  131  134  135  137 
 139  141  143  146  148  149  151  154  156  158  160  162  164  166  168  170  172  173  175  177  180 
 182  184  186  188  190  42  44  46  48  49  51  53  55  57  59  62  64  66  68  223  225 
 227  229  232  233  236  237  239  69  250  251  264  262  71  74  76  78  80  82  84  86  88 
 90  308  92  93  95  97  266  268  270  272  273  276  278  279  282  283  285  287  289  291  293 
 295  297  299  302  303  306  191  194  196  198  200  201  203  205  207  209  211  213  215  218  220 
 221 
VECTOR 23 
 241  253  2  4  10  12  30  32  34  36  38  40  14  16  18  20  22  24  26  28  6 
 8  100  101  103  105  107  110  112  114  116  117  119  121  123  125  128  130  132  134  135  137 
 139  141  143  146  148  150  152  154  156  158  160  162  164  166  168  170  171  173  175  178  179 
 181  183  185  187  189  42  44  46  48  50  52  54  56  58  60  61  63  66  68  223  226 
 228  230  232  233  235  237  240  70  249  252  264  262  71  73  75  77  79  81  83  85  87 
 89  308  91  93  95  97  266  268  270  272  274  275  277  279  281  283  285  287  290  292  294 
 296  298  300  302  304  306  192  194  195  197  199  202  204  205  207  209  211  213  215  217  220 
 222 
VECTOR 24 
 243  255  2  4  10  12  30  32  34  36  38  40  14  16  18  20  22  24  26  28  6 
 8  99  102  104  106  108  109  112  114  115  118  120  122  124  126  127  130  132  133  136  138 
 140  142  144  145  147  150  152  153  155  157  159  161  163  165  167  169  172  174  176  177  180 
 182  184  186  188  190  41  43  45  47  50  52  54  56  58  60  62  64  65  67  224  225 
 227  229  231  234  236  238  239  69  250  251  263  261  72  74  76  78  80  82  84  86  88 
 90  307  92  94  96  98  265  267  269  271  273  276  278  280  282  284  286  288  289  291  293 
 295  297  299  301  304  305  191  193  196  198  200  201  204  206  208  210  212  214  216  218  219 
 222 
VECTOR 25 
 243  255  2  4  10  12  30  32  34  36  38  40  14  16  18  20  22  24  26  28  6 
 8  100  102  104  106  108  110  112  114  116  118  120  122  124  126  128  130  132  134  136  138 
 140  142  144  146  148  150  152  154  156  158  160  162  164  166  168  170  172  174  176  178  180 
 182  184  186  188  190  42  44  46  48  50  52  54  56  58  60  62  64  66  68  224  226 
 228  230  232  234  236  238  240  70  250  252  264  262  72  74  76  78  80  82  84  86  88 
 90  308  92  94  96  98  266  268  270  272  274  276  278  280  282  284  286  288  290  292  294 
 296  298  300  302  304  306  192  194  196  198  200  202  204  206  208  210  212  214  216  218  220 
 222 
